"HeronIsland.Salinity.practical.salinity.units." "HeronIsland.Water.Temperature.degrees.celsius." "HeronIsland.Water.Pressure.decibar." "LadyMusgrave.Water.Temperature..degrees.celsius."
"1" 35.8278 23.0977 5.6056 23.3146
"2" 35.3507 24.6078 5.6598 24.7954
"3" 35.6712 22.6859 5.4345 22.1403
"4" 35.7245 26.0145 5.8573 27.1818
"5" 35.4056 23.5827 5.7423 24.939
"6" 35.8739 26.2537 5.521 26.7603
"7" 35.5325 22.0706 5.5865 23.0173
"8" 35.3777 23.2209 5.6113 23.1355
"9" 35.7064 25.8166 5.387 25.5336
"10" 35.6441 26.9398 5.8012 27.5397
"11" 35.5108 25.9797 5.7135 26.1145
"12" 35.4701 27.3558 5.8779 27.3858
"13" 35.573 27.6585 5.7569 27.7377
"14" 35.661 21.6592 5.5711 21.6275
"15" 35.7992 23.2593 5.5879 23.4397
"16" 35.7757 26.2617 5.4028 25.7862
"17" 35.4745 27.1937 5.7894 27.5566
"18" 35.51 27.0595 5.8716 27.5123
"19" 35.4557 27.0424 5.7964 27.4996
"20" 35.4266 26.0236 5.8655 26.4841
"21" 35.6677 20.8084 5.585 22.009
"22" 35.5594 22.4664 5.683 23.6742
"23" 35.62 26.5391 5.4899 26.2637
"24" 35.8955 27.6862 5.5093 27.6816
"25" 35.4244 26.9243 5.8283 27.5161
"26" 35.7101 22.2151 5.473 22.0174
"27" 35.721 20.7964 5.5232 21.9018
"28" 35.9285 27.2971 5.6525 27.3869
"29" 35.9348 27.4595 5.6733 27.447
"30" 35.6697 27.3047 5.8481 27.5727
"31" 35.4216 24.8265 5.8474 25.6495
"32" 35.5351 27.5296 5.6159 27.9035
"33" 35.3396 23.9645 5.6721 24.734
"34" 35.711 20.9987 5.6096 22.0336
"35" 35.5932 22.4825 5.7824 23.8341
"36" 35.586 22.8204 5.7994 23.2807
"37" 35.6081 21.9 5.67 22.2006
"38" 35.5895 22.3831 5.6542 22.9088
"39" 35.7095 21.1951 5.5904 22.1663
"40" 35.3242 24.0934 5.6894 24.6375
"41" 35.5979 27.7754 5.7574 27.6149
"42" 35.734 26.8617 5.4467 26.5784
"43" 35.5121 24.6322 5.6618 25.1732
"44" 35.4801 24.0235 5.5567 24.3222
"45" 35.6551 26.8839 5.486 27.0162
"46" 35.694 26.7914 5.8478 27.2256
"47" 35.6899 25.1679 5.515 25.2465
"48" 35.4862 25.9154 5.7959 26.187
"49" 35.6719 21.6506 5.5377 22.4378
"50" 35.8076 27.7173 5.5211 27.4047
"51" 35.6795 21.5638 5.4464 21.5169
"52" 35.6599 25.2817 5.5115 25.1852
"53" 35.5186 23.0435 5.6343 22.8688
"54" 35.7971 23.3128 5.5092 23.3296
"55" 35.5216 24.9661 5.7525 26.1753
"56" 35.5234 24.5107 5.6454 25.1534
"57" 35.6355 22.8239 5.5743 23.2525
"58" 35.6662 22.8585 5.4826 22.5283
"59" 35.8741 27.1521 5.5969 27.2383
"60" 35.3898 24.0796 5.6835 24.7278
"61" 35.5947 27.0601 5.7819 27.5675
"62" 35.4735 25.1238 5.7424 26.0404
"63" 35.4421 24.1252 5.7382 25.4125
"64" 35.3892 27.3814 5.8572 27.236
"65" 35.7234 27.5103 5.7023 27.0108
"66" 35.6706 23.5674 5.551 24.0839
"67" 35.4646 27.1894 5.7784 27.5734
"68" 35.7419 27.2672 5.6889 27.074
"69" 35.7355 26.0576 5.4961 26.4484
"70" 35.7019 26.7307 5.8335 27.2353
"71" 35.6175 26.6625 5.4773 26.5021
"72" 35.3826 23.9567 5.7135 25.1341
"73" 35.7253 22.7717 5.4964 22.3341
"74" 35.9158 27.4718 5.6216 27.5107
"75" 35.925 27.1174 5.658 27.4435
"76" 35.474 27.1969 5.7883 27.6298
"77" 35.6229 26.6219 5.6894 26.445
"78" 35.6155 22.0694 5.6569 22.5064
"79" 35.8588 27.4711 5.5283 27.5668
"80" 35.4603 27.1002 5.786 27.5459
"81" 35.6904 24.6335 5.8111 24.6248
"82" 35.5092 21.0241 5.8033 21.9244
"83" 35.7263 27.1674 5.5833 27.1229
"84" 35.7505 21.8009 5.8193 22.253
"85" 35.6088 21.9264 5.741 22.5712
"86" 35.4564 25.8651 5.6791 25.7927
"87" 35.5539 22.6761 5.6332 22.9374
"88" 35.6162 22.3796 5.594 22.6767
"89" 35.8839 27.5261 5.4596 27.8687
"90" 35.5157 22.8785 5.6134 22.5426
"91" 35.9918 27.6828 5.5633 27.5438
"92" 35.7551 25.5055 5.7734 26.1391
"93" 35.8113 23.4944 5.5023 23.592
"94" 35.7073 22.2151 5.4903 22.0097
"95" 35.6991 26.1195 5.5149 26.4665
"96" 35.7944 26.196 5.62 26.4997
"97" 35.7415 27.1223 5.5973 27.1169
"98" 35.7905 26.5782 5.467 26.4179
"99" 35.5141 22.9142 5.6818 23.4121
"100" 35.7878 24.3808 5.5418 24.9678
"101" 35.7479 26.0126 5.3881 25.5316
"102" 35.7109 22.2386 5.7481 21.2298
"103" 35.7131 26.6498 5.6342 26.6764
"104" 35.6537 21.7947 5.5156 21.5819
"105" 35.8584 27.9366 5.5516 28.4929
"106" 35.8619 27.6603 5.563 27.1489
"107" 35.6677 25.2891 5.5136 25.3032
"108" 35.7073 22.1737 5.4919 21.9596
"109" 35.5976 21.7462 5.7201 23.4202
"110" 35.5809 22.3089 5.719 23.5329
"111" 35.6531 21.8757 5.4935 21.5221
"112" 35.6093 22.0163 5.4815 21.8973
"113" 35.5775 22.4708 5.6587 22.989
"114" 35.4391 23.4307 5.6092 23.4336
"115" 35.7195 25.6366 5.5086 25.6214
"116" 35.5527 24.8739 5.7302 26.3427
"117" 35.687 26.321 5.7186 26.2466
"118" 35.6667 21.4084 5.558 22.3161
"119" 35.6682 22.9627 5.4615 22.7723
"120" 35.3923 24.0859 5.6842 24.6917
"121" 35.4846 23.1986 5.6429 22.9975
"122" 35.8302 27.0161 5.5615 26.8211
"123" 35.5439 22.6767 5.5668 22.8995
"124" 35.6712 22.8738 5.4618 22.2906
"125" 35.7622 21.6689 5.8021 21.7516
"126" 35.6771 22.9344 5.508 22.5844
"127" 35.7535 26.0218 5.7123 26.9646
"128" 35.7902 26.2381 5.4872 26.4293
"129" 35.6744 22.9565 5.436 22.5297
"130" 35.4812 22.593 5.5873 23.3217
"131" 35.4814 26.7873 5.7799 27.4995
"132" 35.7722 27.3917 5.5119 27.8856
"133" 35.6466 21.3504 5.5734 21.8966
"134" 35.8082 26.5705 5.6778 27.5734
"135" 35.7379 26.1875 5.7177 26.7805
"136" 35.6859 21.6909 5.5252 21.9764
"137" 35.6772 26.7168 5.6134 26.6476
"138" 35.5434 22.4971 5.6789 23.5277
"139" 35.6739 26.7109 5.4294 26.5136
"140" 35.6093 22.4975 5.6765 22.923
"141" 35.5027 22.923 5.6937 23.508
"142" 35.713 27.6904 5.7204 27.3985
"143" 35.621 27.1905 5.8086 27.3713
"144" 35.4555 23.8695 5.7145 25.1967
"145" 35.6214 22.1362 5.6547 22.2924
"146" 35.8204 23.2982 5.617 22.8227
"147" 35.3984 23.5016 5.7354 25.1238
"148" 35.6639 25.1628 5.5092 24.9873
"149" 35.8076 27.6841 5.5918 27.2606
"150" 35.6735 27.0761 5.9164 27.3969
"151" 35.7061 27.0401 5.5386 27.366
"152" 35.4685 23.94 5.5703 24.413
"153" 35.7518 26.9061 5.422 26.7053
"154" 35.4907 26.9599 5.7813 27.4435
"155" 35.7978 27.4668 5.5552 27.5519
"156" 35.6034 21.8301 5.6617 22.2165
"157" 35.7098 21.5085 5.5281 22.0171
"158" 35.8965 27.8 5.4579 28.0896
"159" 35.4963 24.0422 5.6133 25.129
"160" 35.6269 24.2481 5.7263 24.9497
"161" 35.5592 22.5421 5.8415 23.2692
"162" 35.6282 27.2209 5.8668 27.4826
"163" 35.4485 24.0577 5.6237 24.5902
"164" 35.755 24.3132 5.5551 24.8288
"165" 35.7725 26.8522 5.5798 27.2252
"166" 35.5693 26.6934 5.8412 27.116
"167" 35.6844 22.2063 5.674 22.1205
"168" 35.9016 27.9852 5.4583 28.2377
"169" 35.5448 22.6332 5.5739 22.5182
"170" 35.66 27.1798 5.8128 27.3924
"171" 35.6757 21.1835 5.6058 22.4017
"172" 35.6882 21.286 5.6032 22.243
"173" 35.8153 26.9073 5.5146 27.9967
"174" 35.7319 21.5457 5.7555 21.7005
"175" 35.5354 22.8714 5.5956 23.3702
"176" 35.5323 22.6648 5.5835 22.845
"177" 35.6723 25.9124 5.5349 26.2749
"178" 35.5217 24.3077 5.6058 25.3517
"179" 35.7444 25.3147 5.5398 25.6632
"180" 35.8657 27.4413 5.6656 27.6581
"181" 35.5725 22.4795 5.7469 22.4948
"182" 35.7337 25.8722 5.4529 25.7895
"183" 35.8294 27.8618 5.5556 27.5773
"184" 35.392 25.9967 5.6818 26.5671
"185" 35.4355 27.244 5.7777 27.7867
"186" 35.6856 22.2848 5.4885 22.1617
"187" 35.4759 25.8027 5.9044 26.6682
"188" 35.7315 27.2078 5.8798 26.8238
"189" 35.6861 20.6964 5.7991 21.3833
"190" 35.5851 21.9179 5.7398 22.2715
"191" 35.7557 27.2454 5.6609 26.9846
"192" 35.6597 26.569 5.7104 26.3
"193" 35.5103 25.0981 5.7196 25.5031
"194" 35.9134 27.6893 5.6031 27.7342
"195" 35.9446 27.3776 5.6822 27.43
"196" 35.6646 21.5253 5.5145 22.1775
"197" 35.6966 25.1322 5.4933 25.0273
"198" 35.7337 22.9108 5.4824 22.4776
"199" 35.6026 21.7488 5.5872 22.0965
"200" 35.4289 27.2654 5.8141 27.2222
"201" 35.6947 21.7369 5.6812 22.1785
"202" 35.7327 22.1063 5.6929 22.1625
"203" 35.6334 21.7371 5.5638 22.2878
"204" 35.7624 21.6735 5.7524 21.9508
"205" 35.5178 22.2767 5.6753 23.035
"206" 35.7099 26.0745 5.4767 25.7594
"207" 35.701 22.6803 5.4357 22.7051
"208" 35.7465 27.5496 5.7111 27.4388
"209" 35.9356 27.3844 5.6471 27.4962
"210" 35.4989 22.5275 5.7139 23.5386
"211" 35.7332 20.5955 5.596 21.9014
"212" 35.6343 22.1194 5.5733 22.346
"213" 35.4514 24.8111 5.6944 26.4261
"214" 35.858 26.0068 5.585 26.3955
"215" 35.3142 23.9462 5.7715 24.9083
"216" 35.6949 25.9671 5.5721 26.2873
"217" 35.6666 21.4612 5.5362 22.0337
"218" 35.6036 21.8911 5.6373 22.1559
"219" 35.7383 26.1235 5.4763 26.0093
"220" 35.5564 26.1798 5.6964 26.1251
"221" 35.5196 22.875 5.5701 22.5362
"222" 35.7675 27.6911 5.6495 27.9606
"223" 35.1704 23.5467 5.726 25.2183
"224" 35.5641 22.3243 5.5416 22.3763
"225" 35.6118 26.4344 5.6854 26.2515
"226" 35.7017 20.5336 5.5729 21.3873
"227" 35.7007 24.9762 5.5522 26.0399
"228" 35.5557 24.638 5.7875 25.8568
"229" 35.5822 27.0191 5.879 27.4177
"230" 35.326 24.4161 5.7057 24.9842
"231" 35.463 25.5421 5.7261 25.7465
"232" 35.6593 27.1149 5.4632 26.9421
"233" 35.7614 22.5379 5.5126 22.6324
"234" 35.703 20.9234 5.6105 22.1366
"235" 35.7038 20.9654 5.6076 22.4138
"236" 35.4451 22.9132 5.6036 23.4558
"237" 35.5013 22.8424 5.6502 23.5464
"238" 35.4457 25.1385 5.7274 25.681
"239" 35.6109 22.3604 5.5775 22.3954
"240" 35.4239 25.7824 5.7102 25.8828
"241" 35.6425 21.689 5.6538 22.2935
"242" 35.6617 22.1442 5.8471 23.3547
"243" 35.7368 20.4224 5.6023 21.9967
"244" 35.5932 22.572 5.622 23.7523
"245" 35.6217 22.3485 5.5758 22.5708
"246" 35.6974 22.0809 5.4885 21.974
"247" 35.444 26.0263 5.8271 26.3064
"248" 35.8687 28.0775 5.5145 28.1243
"249" 35.7624 26.3775 5.6363 26.3708
"250" 35.438 27.0963 5.8009 27.5417
