-0.305996339540249 0.218170329911381
-0.596524327382521 -0.0763072308934714
-0.368833522753201 0.214425231544177
-0.306356989521212 -0.228263245757606
-0.514612876494457 -0.234228280682915
-0.385994672192289 -0.238332931260373
-0.498650560046484 -0.222013389621415
-0.575627823040001 0.107787468494557
-0.468258387130788 0.233839042018373
-0.599991708280132 -0.0418156625413456
-0.569527597341675 0.0926048892451665
-0.596223318642716 0.117381509897933
-0.587515316582149 0.080837608418855
-0.379222715346982 0.268283737383997
-0.309386852068282 0.254766436031804
-0.578891565767014 -0.243482680247212
-0.509812913343844 0.167232842470486
-0.599911959741543 0.000191350469011047
-0.532987504047094 0.11275361471267
-0.32833659652359 -0.241891163478299
-0.422443189736475 -0.140090592461312
-0.510359000459194 -0.16120658228073
-0.554714148136649 0.0438958546429412
-0.297081124651546 -0.306845208361944
-0.549005238426168 0.0547045712069056
-0.377308492225471 0.202936082885583
-0.290825658461841 0.275382783740897
-0.541493264267942 -0.176201404626548
-0.438337738842182 -0.22084965880447
-0.599971302364918 -0.0452297543183722
-0.433814460935714 0.170066711045624
-0.552846729875937 0.111706943022574
-0.507450669513747 -0.221781540267005
-0.591149182809706 -0.0373527225874099
-0.278015873231852 -0.297933899650801
-0.545610514641276 -0.0823776356600841
-0.594387088751907 0.160378693868834
-0.282778440347135 0.252171760792762
-0.482545617749515 0.216510416084668
-0.533617929007165 -0.215251744051655
-0.342207907097207 -0.239476936152019
-0.599536342087659 -0.0460118544265527
-0.558197103913838 0.221678216866078
-0.257554652807862 -0.226333482989504
-0.349372320431902 0.245978647960405
-0.591441708275893 0.162930288350728
-0.453941561281459 0.277875318428697
-0.547417742291031 -0.0447053874651247
-0.531623938903269 -0.0881402573008563
-0.373038859833281 -0.250712864046883
-0.562094856905489 0.132686972478971
-0.500730044373462 0.240174518370636
-0.498070880202809 -0.186773612400242
-0.583754934879409 0.050848513180626
-0.516159456204795 -0.184416442787494
-0.434763021763429 -0.236866915708698
-0.53575643824781 0.0896960495324595
-0.579791806660388 -0.075669459856616
-0.49109377384004 -0.139517840937146
-0.520733003908554 -0.0770838204171115
-0.471197873052269 0.242741193266022
-0.481279912668944 -0.160793926751593
-0.294003660459751 -0.837284679677264
-0.00347567261747861 -0.586903676033541
-0.231166477246799 -0.786477632840204
-0.293643010478788 -0.351370075996134
-0.0853871235055431 -0.446923559681969
-0.214005327807711 -0.283134165804463
-0.101349439953516 -0.387987292800197
-0.0243721769599988 -0.646147982455282
-0.131741612869212 -0.768140104950861
-8.29171986838073e-06 -0.606261450499216
-0.0304724026583252 -0.728060573199182
-0.00377668135728415 -0.557541160901197
-0.0124846834178506 -0.608514039147274
-0.220777284653018 -0.839739960797043
-0.290613147931718 -0.868808011739011
-0.0211084342329864 -0.532776734827286
-0.0901870866561562 -0.740524431671341
-8.80402584568785e-05 -0.671940934494729
-0.0670124959529059 -0.823070323763029
-0.27166340347641 -0.344370267424818
-0.177556810263525 -0.444779957505834
-0.089640999540806 -0.536011401588713
-0.0452858518633514 -0.67181891603621
-0.302918875348454 -0.341505710246696
-0.050994761573832 -0.666112724985038
-0.222691507774529 -0.765724613251459
-0.309174341538159 -0.892537218091818
-0.0585067357320579 -0.486442595567323
-0.161662261157818 -0.46109808994434
-2.86976350818424e-05 -0.601689764786744
-0.166185539064286 -0.702378045103998
-0.0471532701240635 -0.652601090014237
-0.0925493304862529 -0.442949453638204
-0.0088508171902939 -0.644435019099796
-0.321984126768148 -0.338416994044468
-0.0543894853587243 -0.46313384782737
-0.00561291124809282 -0.621227725612739
-0.317221559652865 -0.813696461019347
-0.117454382250485 -0.718082728818648
-0.0663820709928354 -0.458468943898639
-0.257792092902793 -0.294920309567916
-0.000463657912341264 -0.638684794802198
-0.0418028960861616 -0.748779499065215
-0.342445347192138 -0.277933689682219
-0.250627679568098 -0.900044613799797
-0.00855829172410738 -0.697996109954458
-0.146058438718541 -0.851407854949161
-0.0525822577089688 -0.546011749867729
-0.0683760610967314 -0.437489205931263
-0.226961140166719 -0.410920218361045
-0.0379051430945111 -0.674905288771927
-0.0992699556265377 -0.73513210540381
-0.101929119797191 -0.352690899072576
-0.0162450651205905 -0.681496035760953
-0.0838405437952046 -0.41114092328028
-0.165236978236571 -0.377443608695258
-0.0642435617521903 -0.751396163177734
-0.0202081933396118 -0.388402607656094
-0.10890622615996 -0.401589961503309
-0.0792669960914462 -0.485255357658845
-0.128802126947731 -0.731675813829139
-0.118720087331056 -0.49723547773966
-0.305996339540249 0.218170329911381
-0.596524327382521 -0.0763072308934714
-0.368833522753201 0.214425231544177
-0.306356989521212 -0.228263245757606
-0.514612876494457 -0.234228280682915
-0.385994672192289 -0.238332931260373
-0.498650560046484 -0.222013389621415
-0.575627823040001 0.107787468494557
-0.468258387130788 0.233839042018373
-0.599991708280132 -0.0418156625413456
-0.569527597341675 0.0926048892451665
-0.596223318642716 0.117381509897933
-0.587515316582149 0.080837608418855
-0.379222715346982 0.268283737383997
-0.309386852068282 0.254766436031804
-0.578891565767014 -0.243482680247212
-0.509812913343844 0.167232842470486
-0.599911959741543 0.000191350469011047
-0.532987504047094 0.11275361471267
-0.32833659652359 -0.241891163478299
-0.422443189736475 -0.140090592461312
-0.510359000459194 -0.16120658228073
-0.554714148136649 0.0438958546429412
-0.297081124651546 -0.306845208361944
-0.549005238426168 0.0547045712069056
-0.377308492225471 0.202936082885583
-0.290825658461841 0.275382783740897
-0.541493264267942 -0.176201404626548
-0.438337738842182 -0.22084965880447
-0.599971302364918 -0.0452297543183722
-0.433814460935714 0.170066711045624
-0.552846729875937 0.111706943022574
-0.507450669513747 -0.221781540267005
-0.591149182809706 -0.0373527225874099
-0.278015873231852 -0.297933899650801
-0.545610514641276 -0.0823776356600841
-0.594387088751907 0.160378693868834
-0.282778440347135 0.252171760792762
-0.482545617749515 0.216510416084668
-0.533617929007165 -0.215251744051655
-0.342207907097207 -0.239476936152019
-0.599536342087659 -0.0460118544265527
-0.558197103913838 0.221678216866078
-0.257554652807862 -0.226333482989504
-0.349372320431902 0.245978647960405
-0.591441708275893 0.162930288350728
-0.453941561281459 0.277875318428697
-0.547417742291031 -0.0447053874651247
-0.531623938903269 -0.0881402573008563
-0.373038859833281 -0.250712864046883
-0.562094856905489 0.132686972478971
-0.500730044373462 0.240174518370636
-0.498070880202809 -0.186773612400242
-0.583754934879409 0.050848513180626
-0.516159456204795 -0.184416442787494
-0.434763021763429 -0.236866915708698
-0.53575643824781 0.0896960495324595
-0.579791806660388 -0.075669459856616
-0.49109377384004 -0.139517840937146
-0.520733003908554 -0.0770838204171115
-0.471197873052269 0.242741193266022
-0.481279912668944 -0.160793926751593
-0.294003660459751 -0.837284679677264
-0.00347567261747861 -0.586903676033541
-0.231166477246799 -0.786477632840204
-0.293643010478788 -0.351370075996134
-0.0853871235055431 -0.446923559681969
-0.214005327807711 -0.283134165804463
-0.101349439953516 -0.387987292800197
-0.0243721769599988 -0.646147982455282
-0.131741612869212 -0.768140104950861
-8.29171986838073e-06 -0.606261450499216
-0.0304724026583252 -0.728060573199182
-0.00377668135728415 -0.557541160901197
-0.0124846834178506 -0.608514039147274
-0.220777284653018 -0.839739960797043
-0.290613147931718 -0.868808011739011
-0.0211084342329864 -0.532776734827286
-0.0901870866561562 -0.740524431671341
-8.80402584568785e-05 -0.671940934494729
-0.0670124959529059 -0.823070323763029
-0.27166340347641 -0.344370267424818
-0.177556810263525 -0.444779957505834
-0.089640999540806 -0.536011401588713
-0.0452858518633514 -0.67181891603621
-0.302918875348454 -0.341505710246696
-0.050994761573832 -0.666112724985038
-0.222691507774529 -0.765724613251459
-0.309174341538159 -0.892537218091818
-0.0585067357320579 -0.486442595567323
-0.161662261157818 -0.46109808994434
-2.86976350818424e-05 -0.601689764786744
-0.166185539064286 -0.702378045103998
-0.0471532701240635 -0.652601090014237
-0.0925493304862529 -0.442949453638204
-0.0088508171902939 -0.644435019099796
-0.321984126768148 -0.338416994044468
-0.0543894853587243 -0.46313384782737
-0.00561291124809282 -0.621227725612739
-0.317221559652865 -0.813696461019347
-0.117454382250485 -0.718082728818648
-0.0663820709928354 -0.458468943898639
-0.257792092902793 -0.294920309567916
-0.000463657912341264 -0.638684794802198
-0.0418028960861616 -0.748779499065215
-0.342445347192138 -0.277933689682219
-0.250627679568098 -0.900044613799797
-0.00855829172410738 -0.697996109954458
-0.146058438718541 -0.851407854949161
-0.0525822577089688 -0.546011749867729
-0.0683760610967314 -0.437489205931263
-0.226961140166719 -0.410920218361045
-0.0379051430945111 -0.674905288771927
-0.0992699556265377 -0.73513210540381
-0.101929119797191 -0.352690899072576
-0.0162450651205905 -0.681496035760953
-0.0838405437952046 -0.41114092328028
-0.165236978236571 -0.377443608695258
-0.0642435617521903 -0.751396163177734
-0.0202081933396118 -0.388402607656094
-0.10890622615996 -0.401589961503309
-0.0792669960914462 -0.485255357658845
-0.128802126947731 -0.731675813829139
-0.118720087331056 -0.49723547773966
2.99665870737495 -0.578970317738236
3.13016557177389 -0.533664689661051
3.017770155936 -0.448279089224242
2.95331417993345 -0.487065637390541
3.00908869279046 -0.41859042136575
2.96784569329022 -0.487754924553575
3.00778546254335 -0.398844160818792
3.05865115100786 -0.293666617282782
3.03175830164361 -0.377618267850372
2.99068142543962 -0.279933204794035
3.04905545017517 -0.254159582821094
3.01766655965153 -0.271365086721591
3.05196776852198 -0.192122987389486
2.94559585193369 -0.207370392466037
3.03221504702397 -0.188443210419753
3.00065391405572 -0.045118162570333
3.06837773871099 -0.0224804456683495
3.1114497333873 -0.0395386481796653
3.03290759042428 -0.101892871324812
2.99317548950851 0.0349056556852909
2.92565364027941 0.00821988606839514
3.02503302912396 0.106808189225628
2.96319781512194 0.103739339418484
2.98861474669528 0.139207982117499
3.00867613895803 0.181100928826198
3.02007889920177 0.261441907606142
2.94549187184446 0.187999314525411
2.99280054769134 0.31589091910249
2.98451114431059 0.287092897965205
2.94481635042116 0.314981535141578
2.92545029000371 0.279904143374212
2.93031291353926 0.436722981264188
3.03997855285425 0.426045323776405
3.00449669312111 0.447821416550975
3.08286274513379 0.463634210934962
3.00075638214645 0.608027881000317
3.00730386257008 0.560298502999873
2.9708884822785 0.572722461220879
3.02390673514947 -0.569252213519197
3.01748532816104 -0.597320853650026
2.93018134861676 -0.509566812081014
3.03259158264229 -0.547517194620384
3.06477483220617 -0.494101404153181
3.06470312610679 -0.343730465768149
3.11719888677095 -0.341227017418809
2.98092751386529 -0.406710608113044
2.98112738460726 -0.38167298875931
2.96132735237371 -0.351429038858329
2.99180720896113 -0.234747999590111
2.99415114191376 -0.246007575919891
2.98507577499734 -0.258695058565197
2.95020294332886 -0.32497792481507
2.97460548623714 -0.0994772006920135
3.05294661617567 -0.137751668309683
3.02288725194913 -0.187759713501769
3.0114990192483 0.0389046117856326
2.99726174112827 0.032253868743086
2.91874112679373 -0.0591444203006886
2.98874322196676 -0.0271536735553886
2.94002918780224 0.163324470530818
3.0855837876528 0.0975586000334944
2.9690175883572 0.200604578506802
4.99237832314139 0.885883255746649
5.04602141467161 1.0307640036532
4.96503558130352 0.976048660977875
5.11516729678304 0.980277944037978
5.12201756689861 1.02703463708061
5.15582820461954 1.02214721600384
5.25669882237317 1.15281860693087
5.20631027141356 1.03840221566424
5.26720184743832 1.05381608153891
5.24598195949068 0.944688855351123
5.33616581658191 1.09547657995534
5.31646489060699 0.97269066236549
5.4240836544266 0.948697248754967
5.43546629875286 1.05651817691192
5.46073327640289 1.00867457536329
5.49090468122987 0.98207626447486
5.53286547701191 0.93783642356428
5.629812363499 0.983405789432886
5.66416559351468 0.915308281989146
5.52491153649379 0.927475016763531
5.66894725367539 0.97141591373779
5.71269579328756 0.966507941685915
5.81820458548712 1.07847102024211
5.81493912156798 1.06106716388071
5.76358815119464 0.957442302673848
5.83100377385199 1.04441713618239
5.83204018388564 0.914442137909701
5.74818011779346 1.04600554242201
5.9295051666684 1.08546234001694
5.9938962650754 1.04218110648168
5.99136111379333 1.0235086706212
5.94452007976763 1.02950795394581
5.05660660207023 1.02432305593915
5.03652190698048 1.04060771618353
5.02760334697672 1.06992801599538
5.17161088742099 1.06080551877729
5.09568875348406 1.04420293114155
5.13133822860498 0.987964591211389
5.2398903787581 0.955653773750179
5.1246106667951 1.0085504023599
5.24248767275251 0.856750160565445
5.30977017537963 0.9796937018327
5.44762114887298 1.00409457300083
5.28012728584043 1.05024732469759
5.32378362382097 1.03114023582447
5.46656703292363 0.994934856369342
5.38476831548831 0.944819527016584
5.40834480991971 0.941184780300679
5.40251865455047 0.91966530971252
5.51664038624804 0.910176660239487
5.49949910746498 0.905922295582045
5.62250620751966 1.02336884606536
5.62323534600611 1.06481026617543
5.56333787256578 1.04388894103584
5.65468330983933 0.890497077907028
5.71660154113757 0.968680849752275
5.82663318665428 1.02008251224703
5.77547295270149 1.01767541221322
5.86202394485959 1.03243433331069
5.90391386385516 1.02058354077783
5.8907508617117 0.986933070049762
6.01953888333831 0.995962280027295
5.50464590628757 -0.966462575762931
5.52403456224978 -0.853925243852327
5.62808703052583 -0.93385228933713
5.51806368874184 -0.894815940192088
5.50515989594065 -0.811880212946899
5.46800246052721 -0.821814779127872
5.49797091363642 -0.789860148299488
5.45248544953415 -0.761505669596502
5.43493963711383 -0.785045367188713
5.48073506065512 -0.717850239089449
5.51053062046706 -0.644032762913064
5.48826748518086 -0.641449566622903
5.49824335065557 -0.571442175968953
5.50855454337868 -0.572510945125997
5.50472641381239 -0.606390967157644
5.45612874039015 -0.485065287327647
5.59721912547322 -0.551819257061053
5.52372774107588 -0.442131510172389
5.51063993920539 -0.413490657529519
5.48867599277211 -0.359089626895671
5.48146898928098 -0.270351103937686
5.48562628100533 -0.298769306649017
5.49498947449587 -0.311222286848224
5.62337002903454 -0.331722177433839
5.47715027946837 -0.246814286748312
5.47954989254337 -0.248413008155835
5.50252028217344 -0.237369266240265
5.47629294276151 -0.0749767211386968
5.39851128057559 -0.137737982623665
5.41956902049601 -0.055376667305758
5.4916045597868 0.000862986103704312
5.41749422369752 0.0127836884529741
5.56095051236812 0.081824122301011
5.47950137483122 0.0626174716466023
5.49461268861912 0.0996537023639256
5.46654578399235 0.113760314528053
5.46095762214681 0.213629707570932
5.57799062509171 0.164418864050558
5.48770360611786 0.214810713769808
5.52567254814624 0.16970452469483
5.44921869911879 0.313538672400032
5.65669035976327 0.367822738620133
5.45267953860403 0.382438986159229
5.41075006553151 0.366010884961078
5.50719524094343 0.349061627406637
5.53745522748045 0.431676977621759
5.43596398491488 0.594982052945315
5.52291826290495 0.517672858903006
5.49246381249674 0.475618055024949
5.4439012010758 0.540511267022693
5.39374173928301 0.637950139469084
5.56045428074091 0.588148607607211
5.53527477637661 0.615135311253563
5.49931423495116 0.77170952332952
5.55245928068257 0.779408875924088
5.52365213566565 0.756362896555658
5.50017616590973 0.842617267600984
5.55482231839233 0.891001548090397
5.52070496923193 0.857318370551481
5.52919874192732 0.917328901963309
5.511619246947 0.956953492253442
5.45106531810503 0.955330906206933
5.50464590628757 1.03353742423707
1.39346266464505 1.00868893628441
1.3154762783111 1.23020752658976
1.25598136894624 1.00198257601788
1.80146726958856 1.97921769423473
1.22491108788366 -0.958058812210389
2.8315360651438 2.46187867759295
3.61471560283922 2.83355656938414
2.03040097322777 -1.79228309800982
4.40863670336535 3.42170688848364
1.17444114322264 0.584225127584334
3.1025990320685 -2.7029727657692
3.01734622871136 -2.6422733041431
1.22515395277521 -0.725071486108309
3.81052565916901 -2.59044040297645
1.1442343257946 -0.713092536504511
2.91936897482115 -2.29676351617469
1.82631587736992 -1.76985539232632
1.11340368375231 -0.844680787288511
4.12537382486482 3.57449593612861
1.16086167654264 -0.578446677867465
2.75164975618371 -2.56841568240173
3.64047787599121 2.85801428109488
3.91367601514243 3.44289082297251
1.23496336697364 -1.01231923403392
1.74830858635113 -1.38603496584534
1.61471902454277 1.63140460209952
2.01781794923162 -2.19520144649629
1.05784697628276 -0.281859577326158
1.37306939195331 -1.0759753363647
1.02498343533441 0.250468123187312
4.15374796780866 3.18478397484503
1.02407250994268 0.187796627242287
1.31133575470527 0.975724028531723
1.62252865362188 1.65035166069129
2.18759086818708 2.14495749449047
3.00331518293822 -2.79215654308285
2.98000585107518 -2.64028424746628
4.49952812267363 -3.65629273776513
1.08151807451564 0.328481560469985
2.40001824881376 2.5586397423188
1.30206412434304 -1.13282528039132
1.14317930956065 0.708048768324503
2.71319294183151 -2.47879916271627
2.00987368990489 1.83703668120531
3.45700978813114 -2.63556331563618
4.13796023111094 -3.53835302190047
2.67853456241087 2.38923107745041
1.13443749526138 -0.51208444382149
1.69440883923121 1.66167716235735
3.34815568466729 2.61389205764339
3.12662872551272 -2.52767098906157
1.03745211588318 -0.290446399920315
2.01031952649774 -1.78209948266097
1.00545443795959 0.000658543113587203
1.03263010398245 -0.0465187097308793
1.32311019744355 0.68949050350236
1.44732059762662 1.09408906811175
4.04264294443555 -3.29035162825488
1.84975105152645 1.60393409528937
3.64570058198305 -3.09078755893613
3.43248730020316 3.35548362472053
1.71244850845963 -1.55811239448575
1.11936793515356 -0.811183385742235
1.44916939069625 1.43324530473819
3.64208473963939 -2.98549253862383
1.95385434453395 2.13151741712417
4.24808015348908 -3.44251028333982
3.59282804312396 -3.08245056379087
1.6030948818318 -1.64445910955062
1.04891398312701 -0.306991743418792
1.78152740150871 -1.68619750893322
2.42060478071282 -2.42697239609525
1.14082135799371 0.711843117848649
1.31325431586559 -1.03215979584224
2.60370579742976 -2.20652677400441
1.2109380082574 -0.313300709477843
1.10698715399962 0.609341738673728
2.53718197460241 -2.02440547654784
3.2869029915478 2.75992628380405
1.53392923117349 -1.58169371075083
1.76272242411073 1.90097816971999
3.27454596511747 -2.64961146212197
1.18894694352951 -0.905588004609794
1.41750556315807 1.02683214000507
1.64869131442409 -1.25731012193359
3.48897898993514 2.84604050538329
3.49141353828226 3.18527794503182
3.8086472746402 3.2999251274302
2.62463236949563 2.07679904395867
1.01733354168039 0.414408407248502
1.30149344674529 -0.960526726671726
3.35876478833977 -2.91850720211398
2.42054088181006 -2.36735655675077
3.27785303522145 2.72109063698555
1.03225590324135 -0.404150527793653
4.17062473796805 3.50550274703847
1.1521256898156 0.835875996189811
1.03246651859476 -0.481308020384346
1.75579313019869 -1.63422147534128
2.68274705527132 -2.58338152158622
1.78170150398889 -1.85973799448515
1.69961842826293 -1.21978996263232
1.08871804572191 -0.661848160289866
1.04760193075118 -0.408029796339846
1.10521046005248 0.576734765614719
1.26571905582659 -1.00737904912578
1.43973770220021 -0.943664484935513
1.6983262309198 -1.78768820263568
2.83130412883772 -2.56629399693656
3.23534577045345 2.97095794253898
2.00639081712873 -1.77410401617296
1.09925567891109 -0.842310540179604
1.15163909490566 0.929068846146714
3.548449169278 3.05817190932606
1.80765437850411 1.77966360439374
3.63883798398316 -2.90024073791321
1.63921111178532 1.78716438008793
1.73006396036945 -1.9724473500519
1.06325666239111 -0.62768897264006
1.01990731870786 -0.290994108816395
1.45945605081751 -1.38873945544306
3.37222936751011 2.83368781895509
1.08458875395065 -0.106456404217008
1.58449072656837 -1.40929411347223
7.60653733535495 -1.25787254399092
7.6845237216889 -1.02350945318538
7.74401863105376 -0.902232803040774
7.19853273041144 -1.5959278598352
7.77508891211634 0.990809051123982
6.1684639348562 -2.66507376502838
5.38528439716078 -2.83824680646004
6.96959902677223 1.87600346573473
4.59136329663465 -3.55206793847654
7.82555885677736 -0.773034307735679
5.8974009679315 2.933887948402
5.98265377128864 2.56776226617165
7.77484604722479 0.958612784581737
5.18947434083099 3.01436687227824
7.8557656742054 0.835358523411805
6.08063102517885 2.39602866080089
7.17368412263008 1.48587571020576
7.88659631624769 0.575147231309217
4.87462617513518 -3.39507540311191
7.83913832345736 0.481714826896413
6.24835024381629 2.56690870654521
5.35952212400879 -2.83518291165428
5.08632398485757 -3.25297343149012
7.76503663302636 0.990058072422231
7.25169141364887 1.67959379986266
7.38528097545723 -1.49008720688108
6.98218205076838 2.20363569867025
7.94215302371724 0.189546605719106
7.62693060804669 1.02199414291419
7.97501656466559 0.0694655732343072
4.84625203219134 -3.46306966437221
7.97592749005732 -0.36922255342139
7.68866424529473 -0.979813056445412
7.37747134637812 -1.64218081329991
6.81240913181292 -2.23885669709193
5.99668481706178 2.55170478194175
6.01999414892482 2.94615081025633
4.50047187732637 3.778544580046
7.91848192548436 -0.592860512020205
6.59998175118624 -1.90316301778976
7.69793587565696 0.764269993071518
7.85682069043935 -0.985777507739119
6.28680705816849 2.69992854713456
6.99012631009511 -1.97983915927431
5.54299021186886 3.13321628943911
4.86203976888906 3.40674776680593
6.32146543758913 -2.22157726695996
7.86556250473862 0.619951794327907
7.30559116076878 -1.47441811444544
5.65184431533271 -2.89321705386721
5.87337127448728 2.93097331485269
7.96254788411682 0.618987172243533
6.98968047350226 1.61315372315496
7.99454556204041 0.22971888876384
7.96736989601755 0.333671523858028
7.67688980255645 -1.16577622024157
7.55267940237338 -1.02790267380718
4.95735705556445 3.40003399186973
7.15024894847355 -1.84996830506315
5.35429941801695 3.14950998544762
5.56751269979684 -2.82046848634652
7.28755149154037 1.79936537249319
7.88063206484644 0.561999778035718
7.55083060930375 -1.22654723133381
5.35791526036061 3.08524231160094
7.04614565546605 -1.74822758272464
4.75191984651092 3.47526052225341
5.40717195687604 2.87925547635544
7.3969051181682 1.63976887247471
7.95108601687299 0.390712111143707
7.21847259849129 1.55583645894032
6.57939521928718 2.23816321594391
7.85917864200629 -0.480927935215847
7.68674568413441 0.957648757870793
6.39629420257024 2.44006807247783
7.7890619917426 0.737227178779632
7.89301284600038 -0.487075751766434
6.46281802539759 2.12367062117404
5.7130970084522 -3.04390596592461
7.46607076882651 1.31216015477153
7.23727757588927 -1.72155763670329
5.72545403488253 2.55287961115092
7.81105305647049 0.904081028753272
7.58249443684193 -1.00400077056446
7.35130868557591 1.44722751341598
5.51102101006486 -2.86830166699498
5.50858646171774 -2.8917191110145
5.1913527253598 -3.15860773221176
6.37536763050437 -2.06836479178471
7.98266645831961 -0.506721378855555
7.69850655325471 0.90654553322121
5.64123521166023 3.2384408985356
6.57945911818994 2.08907086722358
5.72214696477855 -2.90251656316465
7.96774409675865 0.400061499879964
4.82937526203195 -3.49733189964708
7.8478743101844 -0.929775198791277
7.96753348140524 0.240856259243246
7.24420686980131 1.94008803813132
6.31725294472868 2.7056333638671
7.21829849601111 1.59535904293493
7.30038157173707 1.87526668716136
7.91128195427809 0.293292872970067
7.95239806924882 0.13030105692523
7.89478953994752 -0.355605381196432
7.73428094417341 0.864576571056787
7.56026229779979 1.44131745873844
7.3016737690802 1.65608294754115
6.16869587116228 2.733947807427
5.76465422954655 -2.86309059203256
6.99360918287127 1.96136306408487
7.90074432108891 0.562985543955787
7.84836090509434 -0.52576652035559
5.451550830722 -2.72963113700284
7.19234562149589 -1.94860936389975
5.36116201601684 3.13061816979064
7.36078888821468 -1.50001156596078
7.26993603963055 1.49616163331269
7.93674333760889 0.693875366944637
7.98009268129214 0.400676472431242
7.54054394918249 1.14270524566929
5.62777063248989 -2.77496539244359
7.91541124604935 0.641471542591017
7.41550927343163 1.65054709147968
9.03792370798371 1.00902667060511
8.98534259506963 0.982552744749268
9.09340586349036 1.01128446580723
9.08679789900019 0.987792753287599
9.16876568806246 0.975289341473444
9.14402147833206 0.970342847634528
9.22498079768192 0.963920749214074
9.27787843279535 0.947568296233727
9.25878311492164 1.0685131747681
9.24671019038408 1.0328328692571
9.26501741383773 0.966221656236656
9.41824325219211 0.998170954950671
9.38538233870914 1.04777290022873
9.4197746421296 1.0456915184265
9.44781348963357 0.928337038419467
9.44247893257666 1.00852320429557
9.39829767474792 1.10160305538939
9.52129431427565 0.940186206762483
9.52594550875551 1.03148630025969
9.48785829889253 0.966982933701755
9.69214346908027 1.04997391944122
9.6528199133282 1.02581935120374
9.72297437607831 0.948755905387518
9.70979403269726 1.02120217974532
9.66470861665648 1.06359905410969
9.77348603805641 1.0384966047769
9.8273856175117 1.02715203215078
9.74741072459998 0.978374338270767
9.84935147771204 0.988122563450097
9.90159294318838 1.00176222787512
9.98189068545893 1.01003638337635
9.98684623521461 1.00544765583724
9.01506528251085 1.00891012120494
9.03456125759927 0.962012698618782
9.15019306630903 0.947354298367772
9.1599083460922 1.00147466273616
9.17248571014377 0.942909976654015
9.19648231858527 1.03874891355137
9.13666792906985 0.910519203118406
9.24060850811768 0.966014607790917
9.25077833230458 1.03874503553387
9.27941464011171 1.02047494466836
9.27743216124007 1.09135916601867
9.3200515923559 0.995847082797009
9.43552552603808 1.07926665804808
9.3764552685535 0.992165012270557
9.48965203894229 1.0277662131271
9.51459795079502 0.926830542671298
9.50989850190529 1.00629091857022
9.57470241292897 0.962541152660785
9.56998106056715 1.07130613403239
9.55648299602788 1.01201284355611
9.63424799727485 0.975807108101867
9.63706057796439 1.0328283222862
9.72057456436878 0.994751935055011
9.69239864738885 1.03310123003972
9.7102711136771 1.03557957683775
9.84692794673142 0.963599475514519
9.83893028146682 0.981317623483934
9.84037111019463 0.97556112809967
9.97974206104109 0.94935309751847
9.87257864660336 0.999554513659462
9.01629311171166 -1.00601362471027
9.04025544266849 -0.976581107208047
8.97434419399854 -0.930176705713372
8.97258280504842 -0.930694232315952
8.98085016474401 -0.780908260718543
9.01886785169142 -0.902985097341955
8.97684014613438 -0.862464491856137
9.00502315986015 -0.737547960836133
9.03353852631737 -0.726386365625167
8.96365411533894 -0.601487073237746
9.04831913484531 -0.697077027015422
8.99828801750272 -0.721636095203588
8.98681225180603 -0.632026380040476
9.06953173754513 -0.607193153902725
8.98322764445835 -0.518208672729312
9.02147009135445 -0.528500038295058
8.93751053862159 -0.467390029015726
8.97879026027445 -0.323266814084557
8.96994031806686 -0.368332612414229
8.93178895855158 -0.44916595209828
8.93158406434518 -0.428443343229473
9.00249844230878 -0.377574221941334
8.96122875190883 -0.224961487983583
9.001049994009 -0.231401432818765
9.12776580393803 -0.221805593083883
9.02651974999696 -0.13506335259182
9.00538932588349 -0.133773565387893
9.01474560414651 -0.14899627823634
9.01539280749593 -0.123618373066722
8.95625807125952 -0.0672700973943558
8.95816552486829 0.00680954043082145
8.93655380455438 -0.0425214740686258
8.9421528530851 0.034541759894215
9.00619812783858 0.115153433847271
9.00110546769836 0.0904366902750568
9.07784758841979 0.207119458942545
9.04959342831493 0.180835229660586
8.99605494572951 0.119739887967798
8.99317099543677 0.246052933609876
8.96193615323686 0.353469124367393
8.96415665429053 0.275804846579116
9.0623405559626 0.314286409830289
8.97770950030619 0.375744829226298
8.93829184578007 0.370143931088801
9.00961567410668 0.488796774986047
8.95314664843658 0.461368967707005
8.91737436617351 0.462138787587503
8.99681827859052 0.536890411070674
8.99386852744828 0.579263044651431
8.99943104226565 0.559965257916541
9.00886235771465 0.59581231804582
8.95902390157799 0.640943059897555
8.9474593569654 0.722148095036372
9.00039867383493 0.739927069649814
8.99230772657105 0.831068496598744
9.0049612592003 0.829803915893014
9.06414857753153 0.786453179467268
9.05881713414707 0.89695832817489
9.01782422849836 0.821497316830993
9.02814144395449 0.87440698828603
8.97111293789659 0.926342396144437
8.98084640262643 0.999915111698809
9.01629311171166 0.993986375289732
9.00681479491478 0.00490988881321142
9.07395805767682 -0.0259232059039207
9.09558877214729 -0.0293216894949928
9.05952368505066 0.063635066471214
9.09488874338473 -0.0268847504996612
9.21266187768929 0.00710030619599289
9.14000289380479 0.0114158326898185
9.20350442355688 0.0552628013167106
9.23623373632334 -0.00444697919944348
9.33372064818236 0.0231435461082127
9.37072874533829 0.0208066839325799
9.32901961715491 -0.000203213404676328
9.4065751226354 -0.0181674598715942
9.42984334062809 0.0602921955324106
9.4370038924921 -0.128892890644939
9.51727747668977 0.027098272329803
9.50180674689176 0.0758978262276615
9.58333653841872 0.0687331100745374
9.48671903470636 0.0158241625330272
9.62643175173544 -0.146015655168806
9.63528240993734 -0.0123114890713725
9.71519194911562 0.103363362189242
9.80814671919923 0.00102818134451821
9.7847482719752 0.0763986947318147
9.70226901246426 0.0498760682831703
9.8923040743181 0.0414744340343866
9.83003415136953 0.0276152563518448
9.76201472382523 -0.0542026105918283
9.99993284344845 0.0472479624173773
10.0216838492272 0.00801467396188371
10.094345560159 0.0125175559961791
9.99169770489515 -0.00132973599161246
9.06205222744259 -0.00726908106064195
9.08853508983456 0.0169062662898363
9.06083322453371 -0.00214849136323458
9.09530376768404 -0.0209600596448352
9.12354347527901 -0.026892435451362
9.21545341843362 -0.0205771049700063
9.18414111584792 -0.0560372831625733
9.17413654083865 -0.0153293640175851
9.29404781796222 -0.0203465191350589
9.26086333420315 -0.011373166788766
9.28809846147522 0.0740383079409106
9.4060793219306 0.0597555247773882
9.3593792472536 -0.0902797618667954
9.42821661581434 0.0681314139601865
9.37771533799705 0.00701088063155242
9.54931142228235 0.0367257251927345
9.4873877163168 0.0129667996096876
9.55418147242281 -0.0504967799688949
9.55046838713203 -0.0606226439308899
9.65847665663621 -0.0859228695623535
9.69528646113206 0.0636429357566501
9.76133369673495 -0.00155123606357299
9.77158845456679 -0.0720529437399418
9.74019651250958 0.0353656221341075
9.70813874445542 -0.0397487842893938
9.75133827392126 -0.0177452478941167
9.84138606101811 -0.0828842521313973
9.77842889400444 -0.0200871910688329
9.89273673441092 0.0287845604348854
10.0664687717666 -0.00979952461639977
8.99344772355832 -0.905836664376933
8.95140127258769 -0.916745781760103
9.03011346467012 -1.0059291233897
9.00186833526827 -0.888678223225831
9.16783795016797 -0.987995639378083
9.18427433993817 -0.976229324460055
9.12969911169265 -1.07466992781503
9.17479366709065 -0.992808806253349
9.26120552353197 -0.929815992786065
9.3402091138403 -1.01582694314024
9.45219328616657 -1.05570096828422
9.34771240783878 -1.01286135101272
9.40510647556357 -0.930496381476895
9.4164060884642 -0.937965959640278
9.39059190768501 -0.953339950420817
9.48202990509932 -1.01923125589716
9.47754038418542 -0.953416410890347
9.58167503958238 -0.985657032657775
9.67575753998581 -0.952856989434983
9.66701260937551 -0.9712405395205
9.6614058210468 -1.03864654932389
9.66713409029111 -1.05150446600932
9.58974771787467 -0.919297411337989
9.73058151027933 -0.84948944951255
9.67295624529303 -1.0163498591712
9.88784091342809 -1.01775536831205
9.9779428173483 -0.996288478722332
9.89296844411644 -0.920362804634033
9.84647352949851 -0.92707427579124
9.95680364049868 -1.0371057405135
9.94139300418627 -1.03234392483057
9.97008766531309 -1.04954205378431
9.02624945655169 -1.06735234048172
9.09201890398484 -1.05441952478611
9.08395517323307 -0.914426678156953
9.16268647437934 -0.995883795671118
9.13573775962927 -1.018278928714
9.06729887590216 -0.992137155460646
9.21721458683688 -1.08404308516338
9.17930227810145 -0.9163212539138
9.31574860797112 -0.963652068222205
9.16814045463818 -1.01711426743774
9.21466512105483 -0.91142240232389
9.37807456720303 -0.980327427805903
9.42242171307368 -0.946546341421447
9.45519256753359 -0.97983980896838
9.46220176194325 -0.978213860829706
9.55848153949741 -1.01936795438369
9.56655917582862 -0.948234453869939
9.55070480236857 -1.03823346761536
9.46769864440322 -1.04497767051127
9.57783990772778 -1.12086397202131
9.67424663544847 -0.943970564598581
9.56183825523295 -0.97409732001063
9.62849848916083 -1.07709660129387
9.77077013422014 -0.939985330914244
9.74167766145278 -0.96572758470071
9.80031709015693 -0.981319283640935
9.93035716509654 -1.00746161652085
9.7710242585685 -1.08589597926388
9.83251264870957 -0.987477702622244
9.92508720429181 -0.955312275591526
