"HeronIsland.Salinity.practical.salinity.units." "HeronIsland.Water.Temperature.degrees.celsius." "HeronIsland.Water.Pressure.decibar." "LadyMusgrave.Water.Temperature..degrees.celsius."
"1" 35.7992 23.2593 5.5879 23.4397
"2" 35.1704 23.5467 5.726 25.2183
"3" 35.7789 23.2353 5.5065 22.9264
"4" 35.5641 21.9236 5.7261 23.4886
"5" 35.8302 27.0161 5.5615 26.8211
"6" 35.6646 21.5253 5.5145 22.1775
"7" 35.894 27.3521 5.6773 27.8964
"8" 35.6784 21.5936 5.5746 22.4187
"9" 35.6088 21.9264 5.741 22.5712
"10" 35.5087 22.766 5.6166 23.5697
"11" 35.7505 21.8009 5.8193 22.253
"12" 35.8584 27.9366 5.5516 28.4929
"13" 35.5197 22.8375 5.6533 23.6438
"14" 35.7675 26.1695 5.53 26.7749
"15" 35.9035 27.845 5.571 27.8852
"16" 35.6162 22.3796 5.594 22.6767
"17" 35.6956 21.8524 5.6665 21.7517
"18" 35.7523 27.1721 5.5648 27.0934
"19" 35.6651 22.2112 5.8537 23.4631
"20" 35.4421 24.1252 5.7382 25.4125
"21" 35.8076 27.6841 5.5918 27.2606
"22" 35.6229 26.6219 5.6894 26.445
"23" 35.5255 22.4536 5.7036 23.8443
"24" 35.7038 20.9654 5.6076 22.4138
"25" 35.7465 27.5496 5.7111 27.4388
"26" 35.7944 26.196 5.62 26.4997
"27" 35.7337 22.9108 5.4824 22.4776
"28" 35.5114 24.5264 5.6209 25.2649
"29" 35.4876 23.849 5.7571 25.3407
"30" 35.6697 27.3047 5.8481 27.5727
"31" 35.5976 21.7462 5.7201 23.4202
"32" 35.9034 27.7196 5.5137 27.7091
"33" 35.6214 22.1362 5.6547 22.2924
"34" 35.4801 24.0235 5.5567 24.3222
"35" 35.3599 27.073 5.7664 27.4131
"36" 35.5143 22.7752 5.5683 23.1727
"37" 35.5354 22.8714 5.5956 23.3702
"38" 35.8945 27.7089 5.5465 27.7231
"39" 35.4759 25.8027 5.9044 26.6682
"40" 35.8278 23.0977 5.6056 23.3146
"41" 35.6034 21.8301 5.6617 22.2165
"42" 35.4989 22.5275 5.7139 23.5386
"43" 35.7479 26.0126 5.3881 25.5316
"44" 35.4862 25.9154 5.7959 26.187
"45" 35.4071 27.3968 5.7621 27.4131
"46" 35.516 22.6564 5.6933 23.6112
"47" 35.4745 27.1937 5.7894 27.5566
"48" 35.7444 25.3147 5.5398 25.6632
"49" 35.7266 21.1662 5.4801 22.1088
"50" 35.8767 27.6724 5.5414 27.211
"51" 35.4476 25.403 5.7556 25.5055
"52" 35.6388 22.1178 5.4623 21.9475
"53" 35.8741 27.1521 5.5969 27.2383
"54" 35.6856 22.2848 5.4885 22.1617
"55" 35.7415 27.1223 5.5973 27.1169
"56" 35.4244 26.9243 5.8283 27.5161
"57" 35.6292 21.365 5.6868 22.0117
"58" 35.5663 22.3378 5.635 23.8309
"59" 35.4735 25.1238 5.7424 26.0404
"60" 35.6869 27.05 5.4301 26.6462
"61" 35.463 25.5421 5.7261 25.7465
"62" 35.4796 23.8632 5.6123 24.4959
"63" 35.526 25.8172 5.7202 26.1426
"64" 35.8582 23.7887 5.5611 25.0181
"65" 35.7315 27.2078 5.8798 26.8238
"66" 35.4998 25.8375 5.6954 26.2031
"67" 35.7727 27.3346 5.5921 27.7567
"68" 35.444 26.0263 5.8271 26.3064
"69" 35.5186 23.0435 5.6343 22.8688
"70" 35.77 22.7945 5.5214 22.7939
"71" 35.5108 25.9797 5.7135 26.1145
"72" 35.4342 25.917 5.6867 26.4474
"73" 35.8898 28.0917 5.4542 28.2587
"74" 35.9348 27.4595 5.6733 27.447
"75" 35.5234 24.5107 5.6454 25.1534
"76" 35.5367 22.2266 5.57 22.8453
"77" 35.8701 27.3752 5.6123 27.1752
"78" 35.7641 26.4293 5.5431 26.7111
"79" 35.6073 22.3896 5.7578 23.5268
"80" 35.4056 23.5827 5.7423 24.939
"81" 35.5628 22.0049 5.5744 22.9107
"82" 35.694 26.7914 5.8478 27.2256
"83" 35.5434 22.4971 5.6789 23.5277
"84" 35.507 22.8429 5.7555 23.2782
"85" 35.813 27.8881 5.5819 27.2334
"86" 35.4825 22.842 5.6525 23.6428
"87" 35.8153 26.9073 5.5146 27.9967
"88" 35.5592 22.5421 5.8415 23.2692
"89" 35.5695 22.4597 5.5497 22.7593
"90" 35.6617 22.1442 5.8471 23.3547
"91" 35.6262 22.2689 5.4732 21.9416
"92" 35.7253 22.7717 5.4964 22.3341
"93" 35.8344 27.9388 5.5915 27.5259
"94" 35.392 25.9967 5.6818 26.5671
"95" 35.7368 20.4224 5.6023 21.9967
"96" 35.7073 22.2151 5.4903 22.0097
"97" 35.4555 23.8695 5.7145 25.1967
"98" 35.7245 26.0145 5.8573 27.1818
"99" 35.6653 27.421 5.7628 27.4155
"100" 35.7239 26.4909 5.7362 26.854
"101" 35.6877 21.0654 5.5867 21.547
"102" 35.4701 27.3558 5.8779 27.3858
"103" 35.7722 27.3917 5.5119 27.8856
"104" 35.4353 27.3315 5.7799 27.7269
"105" 35.6247 21.975 5.6047 22.2674
"106" 35.6882 21.286 5.6032 22.243
"107" 35.3898 24.0796 5.6835 24.7278
"108" 35.3994 26.1187 5.6889 26.5249
"109" 35.6425 21.689 5.6538 22.2935
"110" 35.8175 23.3139 5.5131 23.3378
"111" 35.5128 22.5668 5.57 22.8605
"112" 35.7019 26.7307 5.8335 27.2353
"113" 35.3241 24.6548 5.6664 24.9797
"114" 35.6847 26.9731 5.8037 27.3817
"115" 35.6802 21.9281 5.4956 21.9368
"116" 35.4814 26.7873 5.7799 27.4995
"117" 35.661 21.6592 5.5711 21.6275
"118" 35.8204 23.2982 5.617 22.8227
"119" 35.619 22.3702 5.567 22.4123
"120" 35.8082 26.5705 5.6778 27.5734
"121" 35.5177 22.8151 5.6395 23.5195
"122" 35.8641 27.5959 5.6034 28.3602
"123" 35.4328 27.1755 5.7791 27.8079
"124" 35.4191 25.3163 5.8199 25.6798
"125" 35.5776 21.7421 5.7707 22.0993
"126" 35.8175 23.1196 5.6056 22.9338
"127" 35.6648 22.7745 5.4392 22.5419
"128" 35.5775 23.0088 5.7438 23.7805
"129" 35.6682 22.9627 5.4615 22.7723
"130" 35.4239 25.7824 5.7102 25.8828
"131" 35.5012 26.6381 5.8857 27.2975
"132" 35.5459 25.7053 5.653 25.213
"133" 35.6419 21.9113 5.5316 21.9339
"134" 35.7572 27.0454 5.5572 27.0999
"135" 35.7008 27.7281 5.7249 27.2504
"136" 35.6861 20.6964 5.7991 21.3833
"137" 35.489 27.1186 5.8907 27.298
"138" 35.701 22.6803 5.4357 22.7051
"139" 35.5217 24.3077 5.6058 25.3517
"140" 35.6904 24.6335 5.8111 24.6248
"141" 35.5851 21.9179 5.7398 22.2715
"142" 35.6969 25.8059 5.3965 25.4838
"143" 35.6239 22.3968 5.4574 21.9634
"144" 35.6696 20.9723 5.5541 21.7267
"145" 35.6662 22.8585 5.4826 22.5283
"146" 35.8256 23.2794 5.5692 23.0874
"147" 35.5273 25.7652 5.7629 26.183
"148" 35.6667 21.4084 5.558 22.3161
"149" 35.5056 22.9315 5.649 23.7554
"150" 35.8955 27.6862 5.5093 27.6816
"151" 35.687 26.321 5.7186 26.2466
"152" 35.4843 23.015 5.6004 23.5567
"153" 35.4355 27.244 5.7777 27.7867
"154" 35.5527 24.8739 5.7302 26.3427
"155" 35.858 26.0068 5.585 26.3955
"156" 35.7878 24.3808 5.5418 24.9678
"157" 35.6677 25.2891 5.5136 25.3032
"158" 35.5594 22.4664 5.683 23.6742
"159" 35.9327 27.8464 5.5664 27.6827
"160" 35.7017 20.5336 5.5729 21.3873
"161" 35.8426 27.8152 5.5943 27.6347
"162" 35.4593 25.9048 5.6939 25.8188
"163" 35.4382 23.4249 5.6108 22.9953
"164" 35.5027 22.923 5.6937 23.508
"165" 35.4145 27.5323 5.8212 27.4642
"166" 35.7306 26.9659 5.4418 26.5857
"167" 35.8583 26.3718 5.5199 26.7626
"168" 35.5735 26.0562 5.7885 26.8698
"169" 35.5196 22.875 5.5701 22.5362
"170" 35.8076 27.7173 5.5211 27.4047
"171" 35.3984 23.5016 5.7354 25.1238
"172" 35.6129 27.4313 5.7406 27.3305
"173" 35.4722 25.268 5.6996 26.519
"174" 35.3507 24.6078 5.6598 24.7954
"175" 35.7551 25.5055 5.7734 26.1391
"176" 35.867 27.5301 5.584 27.2333
"177" 35.683 27.2277 5.7867 27.3819
"178" 35.7497 23.1561 5.5041 22.8734
"179" 35.703 20.9234 5.6105 22.1366
"180" 35.6757 21.1835 5.6058 22.4017
"181" 35.6493 26.6888 5.8279 27.5199
"182" 35.8687 28.0775 5.5145 28.1243
"183" 35.6785 26.4961 5.6763 26.3901
"184" 35.7978 27.4668 5.5552 27.5519
"185" 35.615 27.6022 5.7785 27.6334
"186" 35.7355 26.0576 5.4961 26.4484
"187" 35.4586 25.5949 5.7094 25.5748
"188" 35.4581 23.4076 5.5885 22.931
"189" 35.7577 27.2188 5.6386 26.8902
"190" 35.3071 26.7765 5.8586 27.5017
"191" 35.4375 25.7864 5.7242 26.5292
"192" 35.6844 22.2063 5.674 22.1205
"193" 35.4518 25.3591 5.7336 25.9895
"194" 35.4542 26.0233 5.8853 26.8546
"195" 35.4534 26.0436 5.8124 26.2404
"196" 35.755 24.3132 5.5551 24.8288
"197" 35.5775 22.4708 5.6587 22.989
"198" 35.6093 22.4975 5.6765 22.923
"199" 35.6466 21.3504 5.5734 21.8966
"200" 35.5121 24.6322 5.6618 25.1732
"201" 35.713 27.6904 5.7204 27.3985
"202" 35.7109 22.2386 5.7481 21.2298
"203" 35.6761 21.0016 5.6466 22.08
"204" 35.5178 22.2767 5.6753 23.035
"205" 35.6719 21.6506 5.5377 22.4378
"206" 35.8739 26.2537 5.521 26.7603
"207" 35.6355 22.8239 5.5743 23.2525
"208" 35.8611 27.6384 5.6272 27.726
"209" 35.8853 27.5589 5.5576 27.5911
"210" 35.6597 26.3933 5.6282 26.4283
"211" 35.7165 21.7659 5.691 21.429
"212" 35.326 24.4161 5.7057 24.9842
"213" 35.5284 22.8833 5.6356 22.3876
"214" 35.7675 27.6911 5.6495 27.9606
"215" 35.7263 27.1674 5.5833 27.1229
"216" 35.6442 22.3728 5.8537 23.4726
"217" 35.4451 22.9132 5.6036 23.4558
"218" 35.7063 26.2153 5.7367 26.204
"219" 35.5279 22.9497 5.5662 23.3455
"220" 35.7905 22.6352 5.5182 22.7744
"221" 35.5473 22.8894 5.5605 23.3064
"222" 35.6036 21.8911 5.6373 22.1559
"223" 35.4472 26.7081 5.8194 27.2108
"224" 35.4289 27.2654 5.8141 27.2222
"225" 35.5225 22.9876 5.6632 22.8546
"226" 35.8034 23.9498 5.5138 24.7042
"227" 35.721 20.7964 5.5232 21.9018
"228" 35.4379 23.3271 5.6121 23.3453
"229" 35.7201 22.4084 5.834 22.2344
"230" 35.8383 22.5889 5.6389 23.159
"231" 35.6756 26.398 5.6306 26.4586
"232" 35.5641 22.3243 5.5416 22.3763
"233" 35.6639 25.1628 5.5092 24.9873
"234" 35.9356 27.3844 5.6471 27.4962
"235" 35.4404 26.693 5.8125 27.1001
"236" 35.5323 22.6648 5.5835 22.845
"237" 35.696 22.2506 5.5007 22.1413
"238" 35.6946 25.2329 5.4561 25.0794
"239" 35.7624 21.6735 5.7524 21.9508
"240" 35.6712 22.8738 5.4618 22.2906
"241" 35.8846 26.3718 5.7746 27.3226
"242" 35.3858 27.2227 5.7598 27.3736
"243" 35.6209 22.2601 5.5599 22.3801
"244" 35.7337 25.8722 5.4529 25.7895
"245" 35.6441 26.9398 5.8012 27.5397
"246" 35.6407 22.0626 5.4888 21.908
"247" 35.621 27.1905 5.8086 27.3713
"248" 35.4066 27.5067 5.8492 27.5976
"249" 35.7752 22.6436 5.5288 23.2077
"250" 35.6666 21.4612 5.5362 22.0337
